3.9 -4.166405285246133 1.7721803188323975
3.922222222222222 -4.174664394739253 1.7439937591552734
3.944444444444444 -4.180143928697249 1.927142858505249
3.9666666666666663 -4.183049894700508 1.9089429378509521
3.9888888888888885 -4.183493451366494 2.0321810245513916
4.011111111111111 -4.181612126479099 1.9031400680541992
4.033333333333333 -4.177587293392265 1.9209649562835693
4.055555555555555 -4.171562392110258 1.9164719581604004
4.0777777777777775 -4.163690196617851 1.9158778190612793
4.1 -4.15407803927338 1.9159107208251953
