3.9 -3.6930787799318674 2.18264102935791
3.922222222222222 -3.708126525548257 1.965303897857666
3.944444444444444 -3.7201611959888123 2.235591173171997
3.9666666666666663 -3.7293880473931806 2.2547318935394287
3.9888888888888885 -3.7359232951583468 2.288505792617798
4.011111111111111 -3.739907327963203 2.233654022216797
4.033333333333333 -3.741522529633235 2.2204129695892334
4.055555555555555 -3.740916537883888 2.1738131046295166
4.0777777777777775 -3.7382458947800563 2.140944004058838
4.1 -3.73362623269923 2.5626578330993652
