3.100994221293875 -7.154907332358372 1.7839512825012207
3.123216443516097 -7.197414604253891 1.7642309665679932
3.145438665738319 -7.2313383502938615 1.7557487487792969
3.1676608879605417 -7.257178404556297 1.790592908859253
3.189883110182764 -7.275551599418417 1.805920124053955
3.212105332404986 -7.2866897564868784 1.7544269561767578
3.234327554627208 -7.291098733062891 1.8190171718597412
3.2565497768494307 -7.289249426877541 1.8980872631072998
3.278771999071653 -7.28145518415106 1.904844045639038
3.300994221293875 -7.268142902453952 1.5832788944244385
