3.100994221293875 -8.103646049688248 1.3450968265533447
3.123216443516097 -8.13036383959919 1.3386166095733643
3.145438665738319 -8.149150328745705 1.3369038105010986
3.1676608879605417 -8.160433648368908 1.3086378574371338
3.189883110182764 -8.164786059209389 1.3589491844177246
3.212105332404986 -8.16240421285021 1.266146183013916
3.234327554627208 -8.15379605859023 1.3758549690246582
3.2565497768494307 -8.139438957996923 1.4495692253112793
3.278771999071653 -8.11964247533164 1.6245791912078857
3.300994221293875 -8.094823884395037 1.6241810321807861
